999990011
999990029
999990071
999990091
999990097
999990109
999990143
999990227
999990239
999990259
999990289
999990293
999990301
999990319
999990347
999990353
999990359
999990373
999990419
999990421
999990461
999990479
999990517
999990569
999990571
999990581
999990583
999990599
999990631
999990709
999990763
999990787
999990809
999990833
999990841
999990851
999990853
999990857
999990869
999990877
999990911
999990913
999990923
999990931
999990947
999990973
999990977
999990991
999990997
999991009
999991037
999991061
999991063
999991067
999991081
999991123
999991133
999991141
999991151
999991163
999991207
999991229
999991231
999991241
999991277
999991283
999991301
999991327
999991331
999991339
999991351
999991367
999991373
999991423
999991441
999991453
999991463
999991469
999991507
999991547
999991571
999991591
999991627
999991661
999991669
999991819
999991829
999991843
999991847
999991873
999991919
999991921
999991973
999992023
999992029
999992039
999992057
999992087
999992099
999992101
999992107
999992111
999992129
999992131
999992153
999992177
999992209
999992221
999992263
999992267
999992281
999992293
999992339
999992347
999992359
999992387
999992407
999992423
999992447
999992509
999992527
999992537
999992573
999992579
999992639
999992641
999992647
999992677
999992723
999992731
999992737
999992753
999992759
999992783
999992837
999992867
999992891
999992899
999992927
999992977
999992999
999993031
999993041
999993061
999993067
999993083
999993119
999993143
999993179
999993221
999993229
999993289
999993311
999993367
999993377
999993439
999993461
999993469
999993481
999993571
999993581
999993583
999993623
999993637
999993641
999993653
999993671
999993697
999993707
999993719
999993721
999993733
999993739
999993763
999993791
999993811
999993817
999993821
999993823
999993833
999993851
999993887
999993899
999993901
999993913
999993947
999993971
999994003
999994007
999994081
999994091
999994097
999994123
999994129
999994157
999994159
999994189
999994201
999994241
999994267
999994273
999994277
999994297
999994309
999994313
999994321
999994337
999994343
999994357
999994379
999994381
999994397
999994423
999994427
999994433
999994439
999994487
999994507
999994531
999994537
999994549
999994603
999994609
999994613
999994649
999994651
999994691
999994693
999994703
999994741
999994747
999994753
999994763
999994771
999994781
999994813
999994823
999994837
999994843
999994861
999994867
999994883
999994903
999994913
999994951
999994973
999994979
999994987
999995093
999995107
999995111
999995141
999995239
999995257
999995261
999995273
999995291
999995341
999995377
999995393
999995413
999995419
999995431
999995531
999995561
999995567
999995599
999995611
999995621
999995627
999995629
999995651
999995663
999995677
999995681
999995701
999995713
999995741
999995749
999995803
999995809
999995813
999995819
999995903
999995911
999995921
999995959
999995993
999996007
999996029
999996031
999996037
999996043
999996071
999996073
999996091
999996113
999996131
999996149
999996181
999996199
999996223
999996227
999996247
999996259
999996269
999996301
999996307
999996311
999996317
999996329
999996341
999996359
999996383
999996407
999996469
999996493
999996541
999996587
999996611
999996643
999996649
999996671
999996677
999996689
999996707
999996709
999996727
999996749
999996779
999996827
999996901
999996913
999996919
999996983
999996989
999997021
999997049
999997067
999997081
999997099
999997133
999997181
999997237
999997241
999997249
999997267
999997279
999997301
999997309
999997331
999997357
999997403
999997457
999997489
999997543
999997561
999997567
999997571
999997577
999997589
999997627
999997639
999997643
999997673
999997679
999997697
999997717
999997769
999997771
999997787
999997793
999997811
999997871
999997891
999997967
999998003
999998017
999998023
999998059
999998081
999998107
999998119
999998137
999998141
999998143
999998147
999998173
999998183
999998203
999998243
999998261
999998269
999998309
999998339
999998369
999998423
999998459
999998501
999998507
999998509
999998533
999998537
999998563
999998609
999998617
999998621
999998627
999998639
999998641
999998653
999998663
999998683
999998687
999998689
999998693
999998777
999998789
999998801
999998843
999998863
999998869
999998903
999998917
999998921
999998929
999998957
999998959
999998971
999998981
999999001
999999017
999999029
999999043
999999059
999999067
999999103
999999107
999999113
999999131
999999137
999999151
999999163
999999181
999999191
999999193
999999197
999999223
999999229
999999323
999999337
999999353
999999391
999999433
999999487
999999491
999999503
999999527
999999541
999999587
999999599
999999607
999999613
999999667
999999677
999999733
999999739
999999751
999999757
999999761
999999797
999999883
999999893
999999929
999999937
